aliases: chatot
device:
  qubit:
    T1: [100.0, 100.0, 100.0, 100.0, 100.0, 100.0, 100.0, 100.0, 100.0, 100.0]
    T2e: [200.0, 200.0, 200.0, 200.0, 200.0, 200.0, 200.0, 200.0, 200.0, 200.0]
    T2r: [100.0, 100.0, 100.0, 100.0, 100.0, 100.0, 100.0, 100.0, 100.0, 100.0]
    f_ef: [0.1, 0.1, 0.1, 0.1, 0.1, 0.1, 0.1, 0.1, 0.1, 0.1]
    f_ge: [0.1, 0.1, 0.1, 0.1, 0.1, 0.1, 0.1, 0.1, 0.1, 0.1]
    kappa: [0, 0, 0, 0, 0, 0, 0, 0, 0, 0]
    pulses:
      pi_ef:
        gain: [0.3, 0.3, 0.3, 0.3, 0.3, 0.3, 0.3, 0.3, 0.3, 0.3]
        sigma: [0.1, 0.1, 0.1, 0.1, 0.1, 0.1, 0.1, 0.1, 0.1, 0.1]
        type: [gauss, gauss, gauss, gauss, gauss, gauss, gauss, gauss, gauss, gauss]
      pi_ge:
        gain: [0.05, 0.05, 0.05, 0.05, 0.05, 0.05, 0.05, 0.05, 0.05, 0.05]
        sigma: [0.1, 0.1, 0.1, 0.1, 0.1, 0.1, 0.1, 0.1, 0.1, 0.1]
        type: [gauss, gauss, gauss, gauss, gauss, gauss, gauss, gauss, gauss, gauss]
    temp: 0
  readout:
    Max_amp: [1, 1, 1, 1, 1, 1, 1, 1, 1, 1]
    chi: [0, 0, 0, 0, 0, 0, 0, 0, 0, 0]
    frequency: [7000, 7000, 7000, 7000, 7000, 7000, 7000, 7000, 7000, 7000]
    gain: [0.5, 0.5, 0.5, 0.5, 0.5, 0.5, 0.5, 0.5, 0.5, 0.5]
    kappa: [0, 0, 0, 0, 0, 0, 0, 0, 0, 0]
    phase: [0, 0, 0, 0, 0, 0, 0, 0, 0, 0]
    readout_length: [5, 5, 5, 5, 5, 5, 5, 5, 5, 5]
    relax_delay: [1000, 1000, 1000, 1000, 1000, 1000, 1000, 1000, 1000, 1000]
    threshold: [10, 10, 10, 10, 10, 10, 10, 10, 10, 10]
    trig_offset: [150, 150, 150, 150, 150, 150, 150, 150, 150, 150]
hw:
  soc:
    adcs:
      readout:
        ch: [0, 0, 0, 0, 0, 0, 0, 0, 0, 0]
    dacs:
      qubit:
        ch: [0, 0, 0, 0, 0, 0, 0, 0, 0, 0]
        nyquist: [1, 1, 1, 1, 1, 1, 1, 1, 1, 1]
        type: [full, full, full, full, full, full, full, full, full, full]
      readout:
        ch: [0, 0, 0, 0, 0, 0, 0, 0, 0, 0]
        nyquist: [2, 2, 2, 2, 2, 2, 2, 2, 2, 2]
        type: [mux4, mux4, mux4, mux4, mux4, mux4, mux4, mux4, mux4, mux4]
